381
261
262
263
264
1
2
3
1
2
3
1
2
3
1
2
3
1
2
3
1
2
3
1
2
3
1
2
3
1
2
3
1
2
3
1
2
3
1
2
3
1
2
3
1
2
3
1
2
3
1
2
3
1
2
3
1
2
4
262
261
382
381
261
262
263
264
183
180
181
183
184
205
206
208
209
130
131
132
130
131
132
180
181
183
184
1
2
3
1
2
3
1
2
3
1
2
3
205
206
208
209
1
2
3
4
456
457
458
459
456
457
458
459
456
457
458
459
456
457
458
459
456
481
482
483
484
481
482
483
484
481
482
483
484
481
482
483
484
481
1
2
3
4
1
2
3
1
2
3
1
2
3
1
2
3
1
2
3
1
2
3
1
2
3
507
507
509
506
507
508
509
506
507
508
509
506
507
508
509
506
507
105
507
508
509
506
507
508
509
506
507
508
509
506
507
508
509
506
507
507
506
507
508
509
506
507
508
509
506
507
508
509
506
507
508
509
507
506
507
508
509
506
507
508
509
506
507
508
509
506
507
508
509
506
506
507
508
509
506
507
508
509
506
507
508
509
506
507
508
509
506
506
507
450
451
452
507
508
509
506
450
451
452
506
507
508
509
506
506
507
475
476
477
507
508
509
506
475
476
477
506
507
508
509
506
506
507
475
476
477
507
508
509
506
475
476
477
506
507
508
509
506
506
507
475
476
477
507
508
509
506
475
476
477
506
507
508
509
506
506
507
475
476
477
507
508
509
506
475
476
477
506
507
508
509
506
506
507
502
500
502
507
508
509
506
502
500
502
506
507
508
509
506
506
507
508
509
506
507
508
509
506
507
508
509
506
507
508
509
155
156
157
155
156
157
406
286
287
288
289
156
156
156
156
156
156
156
156
156
156
156
156
156
156
156
156
156
156
156
156
156
156
286
286
287
287
407
137
286
287
288
289
156
156
156
156
156
156
156
156
156
156
156
156
156
156
155
156
157
156
156
156
156
156
156
156
156
156
156
156
156
156
156
157
155
232
233
155
156
156
156
156
156
156
156
156
157
155
156
157
155
156
157
231
232
232
232
232
232
232
232
232
232
232
232
232
232
233
425
426
427
425
426
427
615
615
615
565
615
615
590
565
565
590
590
615
590
615
615
615
590
496
496
496
496
496
496
496
496
496
496
496
496
496
496
496
496
496
496
496
496
496
496
496
496
496
496
496
496
496
496
496
496
496
496
496
496
496
496
496
496
615
590
590
615
615
590
590
590
615
615
615
565
590
590
615
615
590
590
590
390
590
565
565
81
226
227
228
226
227
228
226
227
228
226
227
228
226
227
228
226
227
228
226
227
228
226
227
228
226
227
228
226
227
228
226
227
228
226
227
228
226
227
228
226
227
228
226
227
228
226
227
228
226
227
228
226
226
227
228
226
227
228
226
227
228
226
227
228
226
160
161
226
227
228
226
227
228
226
227
228
226
227
228
226
227
228
226
227
228
226
227
228
226
227
228
226
227
228
226
227
228
226
227
228
226
227
228
226
227
228
226
227
228
226
227
80
81
102
103
101
102
103
101
102
103
101
102
103
101
102
103
101
102
103
101
102
103
101
102
103
101
102
103
101
102
103
101
102
103
101
102
103
101
102
103
101
102
103
101
102
103
101
102
103
101
102
103
101
102
103
101
102
103
101
102
103
101
102
103
101
102
103
101
102
103
101
102
103
101
102
103
101
102
103
101
102
80
204
185
186
50
54
50
179
60
61
75
79
75
204
85
86
50
54
50
179
110
111
75
79
75
204
135
136
50
54
50
179
160
161
75
79
75
204
185
186
50
54
50
179
60
61
75
79
75
204
85
86
50
54
50
179
110
111
25
26
27
26
27
26
27
26
27
26
27
27
28
27
28
27
28
27
28
27
29
75
79
75
204
135
136
75
54
50
54
50
179
160
161
50
79
75
79
75
204
185
186
75
54
50
54
50
179
60
61
50
79
75
79
75
204
85
86
75
54
50
54
50
179
110
111
50
79
75
79
75
204
135
136
75
54
50
54
50
179
160
161
50
79
75
79
75
204
185
186
75
54
50
54
50
179
60
61
50
79
75
79
75
204
85
86
75
54
50
102
102
102
102
102
102
102
102
102
102
102
102
102
101
102
103
101
102
103
101
102
103
104
50
179
110
111
50
79
75
54
75
204
135
136
75
54
50
79
50
179
25
26
27
26
27
26
27
26
27
26
27
26
27
26
27
26
27
26
27
26
27
26
27
26
27
26
27
26
27
26
27
26
27
26
27
26
27
26
27
26
27
26
27
26
27
26
27
26
27
26
27
26
28
28
29
160
161
50
79
75
54
75
204
200
54
185
186
75
54
50
79
50
179
175
79
60
61
50
79
75
54
75
204
200
54
85
86
75
54
50
79
50
179
175
79
110
111
50
79
75
54
75
204
225
226
228
227
228
227
228
227
228
101
102
103
101
102
103
101
102
103
101
102
103
101
102
103
101
102
103
101
102
103
101
102
103
101
102
103
101
102
103
101
102
103
101
102
103
101
102
103
53
54
135
136
75
54
50
79
25
26
27
28
26
27
28
26
27
28
26
27
28
26
27
28
26
50
179
50
79
160
161
50
79
75
54
50
54
75
204
75
54
185
186
75
54
50
79
75
79
50
179
50
79
60
61
50
79
75
54
50
54
75
204
50
54
85
86
75
54
50
79
75
79
50
179
75
79
110
111
175
79
75
54
50
54
75
204
50
54
135
136
200
54
50
79
75
79
50
179
75
79
160
161
175
79
75
54
50
54
75
204
50
54
185
186
200
54
50
79
75
79
50
179
75
79
210
211
175
79
75
101
102
103
101
102
103
101
102
103
101
102
103
101
102
103
101
102
104
50
54
75
204
50
54
235
236
200
54
50
54
75
54
50
179
75
79
25
26
26
27
28
26
27
28
26
29
175
79
75
79
50
79
75
204
50
54
200
54
50
54
75
54
50
179
75
79
175
54
50
79
50
79
75
204
50
54
200
79
75
54
75
54
50
179
75
79
175
54
50
79
25
26
27
28
26
27
28
26
27
28
79
75
204
50
26
27
28
26
27
28
26
27
26
27
28
26
27
28
26
27
28
26
27
79
75
54
75
54
50
179
75
54
50
79
75
79
75
204
50
79
75
54
75
54
50
179
75
54
50
79
75
79
75
204
50
80
102
103
101
102
103
101
102
103
104
100
101
102
103
101
102
103
101
102
103
101
102
103
101
102
103
101
80
54
25
26
27
28
26
27
28
26
27
28
151
151
152
153
151
152
153
151
152
153
151
152
153
151
152
153
151
152
153
151
152
153
151
152
153
151
152
153
151
152
153
151
152
153
151
152
153
151
152
153
151
152
153
151
152
153
151
152
153
151
152
153
151
152
153
151
152
153
151
152
153
151
152
153
151
152
153
151
152
153
151
152
153
151
152
153
151
152
153
151
152
179
225
102
103
101
102
103
101
102
103
101
102
103
101
102
103
101
102
103
101
102
103
101
102
81
54
50
79
225
101
102
103
101
102
103
101
102
103
101
102
103
101
102
103
101
102
103
204
50
79
75
54
50
179
50
54
50
79
75
204
75
79
75
54
50
179
50
54
50
79
75
204
75
79
75
54
50
26
27
28
26
27
28
26
27
28
26
27
28
230
231
25
26
27
28
29
50
54
50
79
75
54
100
101
81
79
75
79
75
54
50
79
75
54
50
54
50
151
152
153
151
152
153
151
152
153
151
152
153
151
152
153
151
152
153
153
154
50
54
50
79
75
79
75
54
75
79
75
54
50
54
50
79
50
54
50
79
75
79
75
54
75
79
75
54
50
54
50
79
50
54
50
79
75
79
75
54
100
101
102
103
101
102
103
101
102
79
75
54
50
54
50
79
50
54
75
80
152
153
151
152
153
151
152
153
153
151
152
153
151
152
153
151
152
153
154
75
79
75
54
75
79
75
179
50
54
50
79
50
54
100
101
102
103
101
102
103
101
102
103
101
102
103
101
102
103
101
102
103
101
102
104
75
79
75
54
75
79
50
54
100
101
102
101
102
101
102
101
102
101
102
101
102
101
102
101
102
101
102
101
102
101
101
102
101
101
102
103
101
102
103
101
102
103
101
102
103
101
102
103
101
102
103
101
102
103
101
102
103
101
102
103
101
102
103
101
101
101
101
101
101
101
101
102
103
103
79
50
54
75
79
75
79
75
79
50
54
75
151
152
153
152
153
154
50
54
75
79
75
79
75
79
50
54
75
79
50
54
75
151
152
153
151
152
153
151
152
153
151
152
153
151
152
153
151
152
153
151
152
153
151
152
153
151
152
153
151
152
153
151
152
153
151
152
153
151
152
153
151
151
152
153
151
152
153
151
152
153
151
152
153
151
152
153
151
152
153
151
152
153
151
151
152
153
151
152
153
151
152
75
79
75
79
50
54
75
79
50
54
75
79
50
79
75
79
50
54
75
79
50
54
75
79
50
79
75
79
50
54
75
79
50
54
75
79
100
101
102
101
102
101
102
101
102
101
104
75
79
50
54
50
54
75
79
75
79
50
54
50
54
75
79
75
79
50
54
50
54
75
79
25
27
26
27
26
27
26
27
26
27
26
27
26
27
26
27
26
27
79
25
26
27
28
26
26
26
26
27
26
27
28
28
230
234
26
27
28
28
106
54
50
54
50
54
50
79
75
79
75
79
50
54
50
25
26
27
28
29
25
26
27
28
26
27
28
26
27
28
26
27
28
26
27
28
26
27
28
26
27
26
106
54
75
79
75
54
50
79
50
54
50
79
75
54
75
79
75
54
50
79
50
54
50
79
75
54
75
26
27
28
26
27
28
26
27
28
26
27
28
26
27
28
26
27
28
26
27
28
26
27
28
26
27
28
26
27
28
26
27
28
26
27
28
54
50
79
50
79
75
54
75
54
50
79
50
79
75
54
75
252
253
252
50
151
152
153
151
152
153
151
152
153
151
152
153
151
152
153
151
152
153
151
277
152
153
151
152
153
151
152
153
151
152
153
151
152
153
151
278
